//HANDLE	LAYER	LENGTH	COORDS
32470	ЭО_Воздушная линия	34590.11	(10 1.03447e+008 1.04768e+008)	(10 1.03427e+008 1.04795e+008)
32471	ЭО_Воздушная линия	34623.58	(10 1.0342e+008 1.04747e+008)	(10 1.03399e+008 1.04775e+008)
32E92	ЭО_Воздушная линия	36234.53	(10 1.03399e+008 1.04775e+008)	(10 1.03365e+008 1.04763e+008)
32E93	ЭО_Воздушная линия	23294.4	(10 1.03413e+008 1.04814e+008)	(10 1.03427e+008 1.04795e+008)
32E94	ЭО_Воздушная линия	29875.77	(10 1.03427e+008 1.04795e+008)	(10 1.03423e+008 1.04766e+008)
32E95	ЭО_Воздушная линия	34043.72	(10 1.03427e+008 1.04795e+008)	(10 1.03399e+008 1.04775e+008)
32E9C	ЭО_Кабельная линия	23939.89	(10 1.03333e+008 1.04925e+008)	(10 1.03327e+008 1.04934e+008)	(10 1.03322e+008 1.04941e+008)	(10 1.03319e+008 1.04944e+008)
32EE6	ЭО_Воздушная линия	22929.06	(10 1.03263e+008 1.04884e+008)	(10 1.03253e+008 1.04904e+008)
32EE8	ЭО_Воздушная линия	34615.86	(10 1.03308e+008 1.04864e+008)	(10 1.03288e+008 1.04892e+008)
331DD	ЭО_Воздушная линия	22840.34	(10 1.03316e+008 1.04978e+008)	(10 1.03293e+008 1.04974e+008)
7A2D9	ЭО_Воздушная линия	33989.47	(10 1.03305e+008 1.04905e+008)	(10 1.03333e+008 1.04925e+008)
7A43D	ЭО_Воздушная линия	23349.36	(10 1.03238e+008 1.04958e+008)	(10 1.03261e+008 1.04958e+008)
9E8D4	ЭО_Воздушная линия	20286.19	(10 1.03501e+008 1.04752e+008)	(10 1.035e+008 1.04772e+008)
A1C4B	ЭО_Кабельная линия	23341.77	(10 1.03344e+008 1.04788e+008)	(10 1.03351e+008 1.04787e+008)	(10 1.03364e+008 1.04796e+008)
A1CD7	ЭО_Кабельная линия	24821.92	(10 1.03317e+008 1.0482e+008)	(10 1.03321e+008 1.04826e+008)	(10 1.03335e+008 1.04837e+008)
AAE53	ЭО_Кабельная линия	22697.84	(10 1.03418e+008 1.04911e+008)	(10 1.03418e+008 1.04895e+008)	(10 1.03417e+008 1.04894e+008)	(10 1.03412e+008 1.04893e+008)
AAE55	ЭО_Кабельная линия	25110.11	(10 1.03418e+008 1.04911e+008)	(10 1.03418e+008 1.04936e+008)
AB09D	ЭО_Воздушная линия	24658.27	(10 1.03316e+008 1.04978e+008)	(10 1.0334e+008 1.04978e+008)
B5AC3	ЭО_Воздушная линия	22615.52	(10 1.03238e+008 1.04922e+008)	(10 1.03253e+008 1.04904e+008)
B5AC4	ЭО_Кабельная линия	24647.2	(10 1.03402e+008 1.0494e+008)	(10 1.03403e+008 1.04938e+008)	(10 1.03403e+008 1.04937e+008)	(10 1.03403e+008 1.04936e+008)	(10 1.03393e+008 1.04929e+008)	(10 1.03391e+008 1.04927e+008)	(10 1.03386e+008 1.04928e+008)
B5AC5	ЭО_Кабельная линия	22045.67	(10 1.03386e+008 1.04928e+008)	(10 1.03391e+008 1.04927e+008)	(10 1.03393e+008 1.04929e+008)	(10 1.03393e+008 1.04924e+008)	(10 1.03398e+008 1.04921e+008)	(10 1.03401e+008 1.04922e+008)
B5B95	ЭО_Кабельная линия	21160.53	(10 1.03268e+008 1.04886e+008)	(10 1.03274e+008 1.0489e+008)	(10 1.03288e+008 1.04892e+008)
B5B97	ЭО_Кабельная линия	14169.07	(10 1.03375e+008 1.04866e+008)	(10 1.03367e+008 1.04878e+008)
B5C68	ЭО_Кабельная линия	9653.48	(10 1.03422e+008 1.04852e+008)	(10 1.03417e+008 1.04854e+008)	(10 1.03415e+008 1.04856e+008)	(10 1.03414e+008 1.04857e+008)
B7C65	ЭО_Кабельная линия	14925.96	(10 1.03421e+008 1.04865e+008)	(10 1.03421e+008 1.04864e+008)	(10 1.03421e+008 1.04859e+008)	(10 1.03419e+008 1.04857e+008)	(10 1.03414e+008 1.04857e+008)
B7E54	ЭО_Кабельная линия	19361.79	(10 1.03367e+008 1.04841e+008)	(10 1.03371e+008 1.04845e+008)	(10 1.03375e+008 1.04848e+008)	(10 1.03383e+008 1.04849e+008)
B7E55	ЭО_Кабельная линия	23566.02	(10 1.03384e+008 1.04811e+008)	(10 1.03391e+008 1.04816e+008)	(10 1.03394e+008 1.04831e+008)
B7E56	ЭО_Кабельная линия	14204	(10 1.03344e+008 1.04788e+008)	(10 1.03345e+008 1.04797e+008)	(10 1.03345e+008 1.04799e+008)	(10 1.03345e+008 1.04799e+008)	(10 1.03344e+008 1.04802e+008)
B7E57	ЭО_Кабельная линия	20304.86	(10 1.0336e+008 1.04827e+008)	(10 1.0336e+008 1.04829e+008)	(10 1.03366e+008 1.04831e+008)	(10 1.03367e+008 1.04832e+008)	(10 1.03369e+008 1.04833e+008)	(10 1.03369e+008 1.04833e+008)	(10 1.03371e+008 1.04833e+008)	(10 1.03372e+008 1.04833e+008)	(10 1.03374e+008 1.04834e+008)	(10 1.03376e+008 1.04833e+008)	(10 1.03377e+008 1.04834e+008)
B7EAE	ЭО_Кабельная линия	25178.24	(10 1.03451e+008 1.04726e+008)	(10 1.03463e+008 1.04735e+008)	(10 1.03462e+008 1.04738e+008)	(10 1.03465e+008 1.0474e+008)	(10 1.03468e+008 1.04739e+008)
C2041	ЭО_Кабельная линия	13095.65	(10 1.03397e+008 1.04868e+008)	(10 1.0341e+008 1.04865e+008)
25889E	ЭО_Кабельная линия	5399.33	(10 1.03268e+008 1.04886e+008)	(10 1.03263e+008 1.04884e+008)
25889F	ЭО_Воздушная линия	16319.77	(10 1.03293e+008 1.04942e+008 0.0)	(11 1.03293e+008 1.04958e+008 0.0)
2588A0	ЭО_Воздушная линия	16100.84	(10 1.03293e+008 1.04958e+008 0.0)	(11 1.03293e+008 1.04974e+008 0.0)
2588A1	ЭО_Воздушная линия	16105.11	(10 1.03261e+008 1.04942e+008 0.0)	(11 1.03261e+008 1.04958e+008 0.0)
2588A2	ЭО_Воздушная линия	31736.14	(10 1.03261e+008 1.04958e+008 0.0)	(11 1.03293e+008 1.04958e+008 0.0)
2588A3	ЭО_Воздушная линия	16103.3	(10 1.03261e+008 1.04958e+008 0.0)	(11 1.03261e+008 1.04974e+008 0.0)
2588A4	ЭО_Воздушная линия	16103.37	(10 1.03261e+008 1.04974e+008 0.0)	(11 1.03261e+008 1.0499e+008 0.0)
2588A5	ЭО_Воздушная линия	16100.43	(10 1.03238e+008 1.04974e+008 0.0)	(11 1.03238e+008 1.04958e+008 0.0)
2588A6	ЭО_Воздушная линия	16100.71	(10 1.03238e+008 1.04958e+008 0.0)	(11 1.03238e+008 1.04942e+008 0.0)
2588A7	ЭО_Воздушная линия	20388.1	(10 1.03238e+008 1.04942e+008 0.0)	(11 1.03238e+008 1.04922e+008 0.0)
2588A8	ЭО_Воздушная линия	29146.43	(10 1.03317e+008 1.0482e+008 0.0)	(11 1.03298e+008 1.04842e+008 0.0)
2588AA	ЭО_Воздушная линия	27375.18	(10 1.03281e+008 1.04863e+008 0.0)	(11 1.03263e+008 1.04884e+008 0.0)
2588AB	ЭО_Воздушная линия	21361.4	(10 1.03308e+008 1.04864e+008 0.0)	(11 1.03325e+008 1.04877e+008 0.0)
2588AC	ЭО_Воздушная линия	33732.28	(10 1.03325e+008 1.04877e+008 0.0)	(11 1.03353e+008 1.04897e+008 0.0)
2588AD	ЭО_Воздушная линия	21361.9	(10 1.03288e+008 1.04892e+008)	(10 1.03305e+008 1.04905e+008)
2588AF	ЭО_Воздушная линия	22261.47	(10 1.03332e+008 1.04803e+008 0.0)	(11 1.03317e+008 1.0482e+008 0.0)
2588B0	ЭО_Воздушная линия	27368.54	(10 1.03281e+008 1.04863e+008)	(10 1.03298e+008 1.04842e+008)
2588B3	ЭО_Воздушная линия	19516.16	(10 1.03332e+008 1.04803e+008 0.0)	(11 1.03344e+008 1.04788e+008 0.0)
2588B4	ЭО_Воздушная линия	32858.86	(10 1.03344e+008 1.04788e+008 0.0)	(11 1.03365e+008 1.04763e+008 0.0)
2588B5	ЭО_Воздушная линия	25250.98	(10 1.03365e+008 1.04763e+008 0.0)	(11 1.03382e+008 1.04744e+008 0.0)
2588B6	ЭО_Воздушная линия	27650.77	(10 1.03382e+008 1.04744e+008 0.0)	(11 1.03399e+008 1.04723e+008 0.0)
2588B7	ЭО_Воздушная линия	17767.71	(10 1.03468e+008 1.04739e+008 0.0)	(11 1.03458e+008 1.04753e+008 0.0)
2588B8	ЭО_Воздушная линия	17767.71	(10 1.03458e+008 1.04753e+008 0.0)	(11 1.03447e+008 1.04768e+008 0.0)
2588BA	ЭО_Кабельная линия	21130.59	(10 1.03451e+008 1.04726e+008 0.0)	(11 1.03434e+008 1.04714e+008 0.0)
2588BB	ЭО_Кабельная линия	21002.06	(10 1.03434e+008 1.04714e+008 0.0)	(11 1.03417e+008 1.04702e+008 0.0)
2588BC	ЭО_Воздушная линия	25001.16	(10 1.035e+008 1.04772e+008 0.0)	(11 1.03486e+008 1.04792e+008 0.0)
2588BD	ЭО_Воздушная линия	25000.04	(10 1.03486e+008 1.04792e+008 0.0)	(11 1.03471e+008 1.04812e+008 0.0)
2588BE	ЭО_Воздушная линия	24999.96	(10 1.03471e+008 1.04812e+008 0.0)	(11 1.03456e+008 1.04833e+008 0.0)
2588BF	ЭО_Воздушная линия	25000	(10 1.03456e+008 1.04833e+008 0.0)	(11 1.03441e+008 1.04853e+008 0.0)
2588C0	ЭО_Воздушная линия	24895.56	(10 1.03441e+008 1.04853e+008 0.0)	(11 1.03427e+008 1.04873e+008 0.0)
2588C1	ЭО_Воздушная линия	24894.73	(10 1.03427e+008 1.04873e+008 0.0)	(11 1.03412e+008 1.04893e+008 0.0)
2588C2	ЭО_Воздушная линия	25001.01	(10 1.03412e+008 1.04893e+008 0.0)	(11 1.03397e+008 1.04913e+008 0.0)
2588C4	ЭО_Воздушная линия	19001.02	(10 1.03375e+008 1.04944e+008 0.0)	(11 1.03364e+008 1.04959e+008 0.0)
2588C5	ЭО_Кабельная линия	13730.51	(10 1.03399e+008 1.04928e+008)	(10 1.03393e+008 1.04929e+008)	(10 1.03391e+008 1.04927e+008)	(10 1.03386e+008 1.04928e+008)
2588C6	ЭО_Кабельная линия	18997.04	(10 1.03402e+008 1.0494e+008)	(10 1.03391e+008 1.04955e+008)
2588C8	ЭО_Кабельная линия	10020.6	(10 1.03414e+008 1.04857e+008)	(10 1.03412e+008 1.04858e+008)	(10 1.03412e+008 1.04858e+008)	(10 1.0341e+008 1.04864e+008)	(10 1.0341e+008 1.04865e+008)
2588C9	ЭО_Кабельная линия	13477.52	(10 1.03422e+008 1.04838e+008)	(10 1.03422e+008 1.04852e+008)
2588CB	ЭО_Кабельная линия	25000	(10 1.03364e+008 1.04796e+008 0.0)	(11 1.03384e+008 1.04811e+008 0.0)
2588CC	ЭО_Кабельная линия	24999.89	(10 1.03384e+008 1.04811e+008 0.0)	(11 1.03405e+008 1.04826e+008 0.0)
2588CD	ЭО_Кабельная линия	20943.01	(10 1.03405e+008 1.04826e+008 0.0)	(11 1.03422e+008 1.04838e+008 0.0)
2588D0	ЭО_Кабельная линия	24998.2	(10 1.03335e+008 1.04837e+008 0.0)	(11 1.03355e+008 1.04851e+008 0.0)
2588D2	ЭО_Кабельная линия	15428.62	(10 1.03355e+008 1.04851e+008)	(10 1.03367e+008 1.04841e+008)
2588D4	ЭО_Кабельная линия	17146.26	(10 1.0336e+008 1.04827e+008)	(10 1.0336e+008 1.04827e+008)	(10 1.03367e+008 1.04821e+008)	(10 1.03374e+008 1.04819e+008)
2588D6	ЭО_Кабельная линия	8098.89	(10 1.03352e+008 1.04828e+008)	(10 1.0336e+008 1.04827e+008)
2588D8	ЭО_Кабельная линия	16896	(10 1.03345e+008 1.04816e+008)	(10 1.03346e+008 1.04823e+008)	(10 1.03347e+008 1.04824e+008)	(10 1.03351e+008 1.04825e+008)	(10 1.03352e+008 1.04827e+008)	(10 1.03352e+008 1.04828e+008)
2588E4	ЭО_Кабельная линия	15008.39	(10 1.03344e+008 1.04802e+008)	(10 1.03343e+008 1.04806e+008)	(10 1.03343e+008 1.04814e+008)	(10 1.03344e+008 1.04816e+008)	(10 1.03345e+008 1.04816e+008)
2588E6	ЭО_Воздушная линия	19002.04	(10 1.03375e+008 1.04944e+008 0.0)	(11 1.03386e+008 1.04928e+008 0.0)
2588E7	ЭО_Воздушная линия	19000	(10 1.03386e+008 1.04928e+008 0.0)	(11 1.03397e+008 1.04913e+008 0.0)
259E3E	ЭО_Кабельная линия	24512.43	(10 1.03422e+008 1.04838e+008)	(10 1.03432e+008 1.04846e+008)	(10 1.03433e+008 1.04847e+008)	(10 1.03441e+008 1.04853e+008)
259E3F	ЭО_Кабельная линия	25000.32	(10 1.03355e+008 1.04851e+008)	(10 1.03375e+008 1.04866e+008)
