//HANDLE	LAYER	LENGTH	COORDS
32320	ЭО_Пл_Распред_Сеть	33124.19	(10 1.03157e+008 1.04999e+008)	(10 1.03172e+008 1.05029e+008)
32323	ЭО_Пл_Распред_Сеть	22827.69	(10 1.03171e+008 1.04982e+008)	(10 1.03157e+008 1.04999e+008)
32470	ЭО_Пл_Распред_Сеть	34590.11	(10 1.03447e+008 1.04768e+008)	(10 1.03427e+008 1.04795e+008)
32471	ЭО_Пл_Распред_Сеть	34623.58	(10 1.0342e+008 1.04747e+008)	(10 1.03399e+008 1.04775e+008)
3285A	ЭО_Пл_Распред_Сеть	27169.95	(10 1.03373e+008 1.05041e+008)	(10 1.034e+008 1.05041e+008)
32E88	ЭО_Пл_Распред_Сеть	35535.43	(10 1.03468e+008 1.04739e+008)	(10 1.03447e+008 1.04768e+008)
32E92	ЭО_Пл_Распред_Сеть	36234.53	(10 1.03399e+008 1.04775e+008)	(10 1.03365e+008 1.04763e+008)
32E93	ЭО_Пл_Распред_Сеть	23294.4	(10 1.03413e+008 1.04814e+008)	(10 1.03427e+008 1.04795e+008)
32E94	ЭО_Пл_Распред_Сеть	29875.77	(10 1.03427e+008 1.04795e+008)	(10 1.03423e+008 1.04766e+008)
32E95	ЭО_Пл_Распред_Сеть	34043.72	(10 1.03427e+008 1.04795e+008)	(10 1.03399e+008 1.04775e+008)
32E99	ЭО_Пл_Распред_Сеть	47841.25	(10 1.03261e+008 1.04942e+008)	(10 1.03261e+008 1.04958e+008)	(10 1.03293e+008 1.04958e+008)
32EE2	ЭО_Пл_Распред_Сеть	184050.37	(10 1.034e+008 1.04723e+008)	(10 1.03281e+008 1.04863e+008)
32EE6	ЭО_Пл_Распред_Сеть	22929.06	(10 1.03263e+008 1.04884e+008)	(10 1.03253e+008 1.04904e+008)
32EE8	ЭО_Пл_Распред_Сеть	34615.86	(10 1.03308e+008 1.04864e+008)	(10 1.03288e+008 1.04892e+008)
330E5	ЭО_Пл_Распред_Сеть	79030.38	(10 1.03293e+008 1.05005e+008)	(10 1.03261e+008 1.05005e+008)	(10 1.03233e+008 1.05005e+008)	(10 1.03214e+008 1.05005e+008)
330EA	ЭО_Пл_Распред_Сеть	132456.75	(10 1.03414e+008 1.04986e+008)	(10 1.03547e+008 1.04986e+008)
33116	ЭО_Пл_Распред_Сеть	36036.85	(10 1.03329e+008 1.05005e+008)	(10 1.03293e+008 1.05005e+008)
33198	ЭО_Пл_Распред_Сеть	59019.25	(10 1.03388e+008 1.05005e+008)	(10 1.03329e+008 1.05005e+008)
331DD	ЭО_Пл_Распред_Сеть	47498.62	(10 1.0334e+008 1.04978e+008)	(10 1.03316e+008 1.04978e+008)	(10 1.03293e+008 1.04974e+008)
7A2D9	ЭО_Пл_Распред_Сеть	55350.86	(10 1.03288e+008 1.04892e+008)	(10 1.03333e+008 1.04925e+008)
7A2DA	ЭО_Пл_Распред_Сеть	55093.68	(10 1.03308e+008 1.04864e+008)	(10 1.03353e+008 1.04897e+008)
7A43D	ЭО_Пл_Распред_Сеть	23349.36	(10 1.03238e+008 1.04958e+008)	(10 1.03261e+008 1.04958e+008)
7A43E	ЭО_Пл_Распред_Сеть	32420.61	(10 1.03293e+008 1.04942e+008)	(10 1.03293e+008 1.04974e+008)
7A440	ЭО_Пл_Распред_Сеть	52589.25	(10 1.03238e+008 1.04974e+008)	(10 1.03238e+008 1.04922e+008)
7A441	ЭО_Пл_Распред_Сеть	32206.6	(10 1.03261e+008 1.04958e+008)	(10 1.03261e+008 1.0499e+008)
7DE69	ЭО_Пл_Распред_Сеть	49984.81	(10 1.03373e+008 1.05005e+008)	(10 1.03373e+008 1.05055e+008)
7FBA7	ЭО_Пл_Распред_Сеть	20491.89	(10 1.03354e+008 1.05005e+008)	(10 1.03354e+008 1.05025e+008)
9E8D4	ЭО_Пл_Распред_Сеть	20286.19	(10 1.03501e+008 1.04752e+008)	(10 1.035e+008 1.04772e+008)
AACD3	ЭО_Пл_Распред_Сеть	176685.08	(10 1.0345e+008 1.04986e+008)	(10 1.0345e+008 1.05163e+008)
AAD18	ЭО_Пл_Распред_Сеть	56758.06	(10 1.03347e+008 1.05125e+008)	(10 1.03399e+008 1.05146e+008)
AAD19	ЭО_Пл_Распред_Сеть	19194.38	(10 1.03399e+008 1.05146e+008)	(10 1.03414e+008 1.05158e+008)
AAD21	ЭО_Пл_Распред_Сеть	231794.5	(10 1.035e+008 1.04772e+008)	(10 1.03364e+008 1.04959e+008)
AAD23	ЭО_Пл_Распред_Сеть	68404.97	(10 1.03414e+008 1.05055e+008)	(10 1.03414e+008 1.04986e+008)
AAD24	ЭО_Пл_Распред_Сеть	76472.08	(10 1.03236e+008 1.0508e+008)	(10 1.03258e+008 1.05089e+008)	(10 1.03289e+008 1.05103e+008)	(10 1.03303e+008 1.05115e+008)
AB09D	ЭО_Пл_Распред_Сеть	24658.27	(10 1.03316e+008 1.04978e+008)	(10 1.0334e+008 1.04978e+008)
AB09E	ЭО_Пл_Распред_Сеть	49869.59	(10 1.03365e+008 1.04978e+008)	(10 1.03389e+008 1.04981e+008)	(10 1.03414e+008 1.04986e+008)
B5AC3	ЭО_Пл_Распред_Сеть	22615.52	(10 1.03238e+008 1.04922e+008)	(10 1.03253e+008 1.04904e+008)
B5B96	ЭО_Пл_Распред_Сеть	27375.18	(10 1.03281e+008 1.04863e+008)	(10 1.03263e+008 1.04884e+008)
